c1 = 10e-12;
c2 = 10e-12;

l = (c1+c2)/c1*c2
